27
1081
1926
4397
1235
289
5750
1723
4853
481
4406
1737
7447
8238
3664
233
6000
4859
3168
7264
125
6367
1455
8797
3983
6078
6385
78
2836
6181
1447
4214
1594
2691
3982
1098
5688
7367
3374
1867
405
7278
696
1246
7302
89
4680
5192
1970
5390
8324
441
8838
4788
911
2159
2092
8630
8975
200
5339
8747
3240
2518
7511
328
6064
4051
5022
6437
7312
669
5789
5463
6880
103
2416
3947
229
3112
7402
3486
3879
198
3436
8580
1898
6818
5163
3607
3699
5393
1040
3830
4195
226
201
7190
3723
1088
6836
8226
8419
2989
8108
40
4898
4362
7148
2893
1624
3526
2843
2007
2391
8770
7505
254
2182
8468
2952
412
2911
446
8088
1553
6563
8063
311
6209
1963
118
887
1841
6019
19
7780
730
307
1502
5703
5456
5049
332
625
32
8465
3807
7178
6454
6081
909
6147
39
3259
1069
4640
6531
2002
1034
5652
1355
8123
3857
8629
7226
831
3235
7067
6272
5678
2289
5808
2436
5514
4014
4340
460
1263
839
8609
4830
8014
4137
4441
445
4160
7859
7113
6529
26
163
4267
4018
5104
587
196
1743
1578
248
4813
211
322
3242
1183
8098
83
5322
1992
6415
7078
7517
60
6848
250
8312
8095
7794
3440
5867
5778
403
4481
302
2817
7059
3214
6476
7635
2514
298
1363
6925
426
2136
2196
458
8051
5561
2764
2384
374
1334
150
7800
1116
87
2910
8425
4297
4088
27
1081
1926
4397
1235
289
5750
1723
4853
481
4406
1737
7447
8238
3664
233
6000
4859
3168
7264
125
6367
1455
8797
3983
6078
6385
78
2836
6181
1447
4214
1594
2691
3982
1098
5688
7367
3374
1867
405
7278
696
1246
7302
89
4680
5192
1970
5390
8324
441
8838
4788
911
2159
2092
8630
8975
200
5339
8747
3240
2518
7511
328
6064
4051
5022
6437
7312
669
5789
5463
6880
103
2416
3947
229
3112
7402
3486
3879
198
3436
8580
1898
6818
5163
3607
3699
5393
1040
3830
4195
226
201
7190
3723
1088
6836
8226
8419
2989
8108
40
4898
4362
7148
2893
1624
3526
2843
2007
2391
8770
7505
254
2182
8468
2952
412
2911
446
8088
1553
6563
8063
311
6209
1963
118
887
1841
6019
19
7780
730
307
1502
5703
5456
5049
332
625
32
8465
3807
7178
6454
6081
909
6147
39
3259
1069
4640
6531
2002
1034
5652
1355
8123
3857
8629
7226
831
3235
7067
6272
5678
2289
5808
2436
5514
4014
4340
460
1263
839
8609
4830
8014
4137
4441
445
4160
7859
7113
6529
26
163
4267
4018
5104
587
196
1743
1578
248
4813
211
322
3242
1183
8098
83
5322
1992
6415
7078
7517
60
6848
250
8312
8095
7794
3440
5867
5778
403
4481
302
2817
7059
3214
6476
7635
2514
298
1363
6925
426
2136
2196
458
8051
5561
2764
2384
374
1334
150
7800
1116
87
2910
8425
4297
4088
27
1081
1926
4397
1235
289
5750
1723
4853
481
4406
1737
7447
8238
3664
233
6000
4859
3168
7264
125
6367
1455
8797
3983
6078
6385
78
2836
6181
1447
4214
1594
2691
3982
1098
5688
7367
3374
1867
405
7278
696
1246
7302
89
4680
5192
1970
5390
8324
441
8838
4788
911
2159
2092
8630
8975
200
5339
8747
3240
2518
7511
328
6064
4051
5022
6437
7312
669
5789
5463
6880
103
2416
3947
229
3112
7402
3486
3879
198
3436
8580
1898
6818
5163
3607
3699
5393
1040
3830
4195
226
201
7190
3723
1088
6836
8226
8419
2989
8108
40
4898
4362
7148
2893
1624
3526
2843
2007
2391
8770
7505
254
2182
8468
2952
412
2911
446
8088
1553
6563
8063
311
6209
1963
118
887
1841
6019
19
7780
730
307
1502
5703
5456
5049
332
625
32
8465
3807
7178
6454
6081
909
6147
39
3259
1069
4640
6531
2002
1034
5652
1355
8123
3857
8629
7226
831
3235
7067
6272
5678
2289
5808
2436
5514
4014
4340
460
1263
839
8609
4830
8014
4137
4441
445
4160
7859
7113
6529
26
163
4267
4018
5104
587
196
1743
1578
248
4813
211
322
3242
1183
8098
83
5322
1992
6415
7078
7517
60
6848
250
8312
8095
7794
3440
5867
5778
403
4481
302
2817
7059
3214
6476
7635
2514
298
1363
6925
426
2136
2196
458
8051
5561
2764
2384
374
1334
150
7800
1116
87
2910
8425
4297
4088
27
1081
1926
4397
1235
289
5750
1723
4853
481
4406
1737
7447
8238
3664
233
6000
4859
3168
7264
125
6367
1455
8797
3983
6078
6385
78
2836
6181
1447
4214
1594
2691
3982
1098
5688
7367
3374
1867
405
7278
696
1246
7302
89
4680
5192
1970
5390
8324
441
8838
4788
911
2159
2092
8630
8975
200
5339
8747
3240
2518
7511
328
6064
4051
5022
6437
7312
669
5789
5463
6880
103
2416
3947
229
3112
7402
3486
3879
198
3436
8580
1898
6818
5163
3607
3699
5393
1040
3830
4195
226
201
7190
3723
1088
6836
8226
8419
2989
8108
40
4898
4362
7148
2893
1624
3526
2843
2007
2391
8770
7505
254
2182
8468
2952
412
2911
446
8088
1553
6563
8063
311
6209
1963
118
887
1841
6019
19
7780
730
307
1502
5703
5456
5049
332
625
32
8465
3807
7178
6454
6081
909
6147
39
3259
1069
4640
6531
2002
1034
5652
1355
8123
3857
8629
7226
831
3235
7067
6272
5678
2289
5808
2436
5514
4014
4340
460
1263
839
8609
4830
8014
4137
4441
445
4160
7859
7113
6529
26
163
4267
4018
5104
587
196
1743
1578
248
4813
211
322
3242
1183
8098
83
5322
1992
6415
7078
7517
60
6848
250
8312
8095
7794
3440
5867
5778
403
4481
302
2817
7059
3214
6476
7635
2514
298
1363
6925
426
2136
2196
458
8051
5561
2764
2384
374
1334
150
7800
1116
87
2910
8425
4297
4088
27
1081
1926
4397
1235
289
5750
1723
4853
481
4406
1737
7447
8238
3664
233
6000
4859
3168
7264
125
6367
1455
8797
3983
6078
6385
78
2836
6181
1447
4214
1594
2691
3982
1098
5688
7367
3374
1867
405
7278
696
1246
7302
89
4680
5192
1970
5390
8324
441
8838
4788
911
2159
2092
8630
8975
200
5339
8747
3240
2518
7511
328
6064
4051
5022
6437
7312
669
5789
5463
6880
103
2416
3947
229
3112
7402
3486
3879
198
3436
8580
1898
6818
5163
3607
3699
5393
1040
3830
4195
226
201
7190
3723
1088
6836
8226
8419
2989
8108
40
4898
4362
7148
2893
1624
3526
2843
2007
2391
8770
7505
254
2182
8468
2952
412
2911
446
8088
1553
6563
8063
311
6209
1963
118
887
1841
6019
19
7780
730
307
1502
5703
5456
5049
332
625
32
8465
3807
7178
6454
6081
909
6147
39
3259
1069
4640
6531
2002
1034
5652
1355
8123
3857
8629
7226
831
3235
7067
6272
5678
2289
5808
2436
5514
4014
4340
460
1263
839
8609
4830
8014
4137
4441
445
4160
7859
7113
6529
26
163
4267
4018
5104
587
196
1743
1578
248
4813
211
322
3242
1183
8098
83
5322
1992
6415
7078
7517
60
6848
250
8312
8095
7794
3440
5867
5778
403
4481
302
2817
7059
3214
6476
7635
2514
298
1363
6925
426
2136
2196
458
8051
5561
2764
2384
374
1334
150
7800
1116
87
2910
8425
4297
4088
27
1081
1926
4397
1235
289
5750
1723
4853
481
4406
1737
7447
8238
3664
233
6000
4859
3168
7264
125
6367
1455
8797
3983
6078
6385
78
2836
6181
1447
4214
1594
2691
3982
1098
5688
7367
3374
1867
405
7278
696
1246
7302
89
4680
5192
1970
5390
8324
441
8838
4788
911
2159
2092
8630
8975
200
5339
8747
3240
2518
7511
328
6064
4051
5022
6437
7312
669
5789
5463
6880
103
2416
3947
229
3112
7402
3486
3879
198
3436
8580
1898
6818
5163
3607
3699
5393
1040
3830
4195
226
201
7190
3723
1088
6836
8226
8419
2989
8108
40
4898
4362
7148
2893
1624
3526
2843
2007
2391
8770
7505
254
2182
8468
2952
412
2911
446
8088
1553
6563
8063
311
6209
1963
118
887
1841
6019
19
7780
730
307
1502
5703
5456
5049
332
625
32
8465
3807
7178
6454
6081
909
6147
39
3259
1069
4640
6531
2002
1034
5652
1355
8123
3857
8629
7226
831
3235
7067
6272
5678
2289
5808
2436
5514
4014
4340
460
1263
839
8609
4830
8014
4137
4441
445
4160
7859
7113
6529
26
163
4267
4018
5104
587
196
1743
1578
248
4813
211
322
3242
1183
8098
83
5322
1992
6415
7078
7517
60
6848
250
8312
8095
7794
3440
5867
5778
403
4481
302
2817
7059
3214
6476
7635
2514
298
1363
6925
426
2136
2196
458
8051
5561
2764
2384
374
1334
150
7800
1116
87
2910
8425
4297
4088
27
1081
1926
4397
1235
289
5750
1723
4853
481
4406
1737
7447
8238
3664
233
6000
4859
3168
7264
125
6367
1455
8797
3983
6078
6385
78
2836
6181
1447
4214
1594
2691
3982
1098
5688
7367
3374
1867
405
7278
696
1246
7302
89
4680
5192
1970
5390
8324
441
8838
4788
911
2159
2092
8630
8975
200
5339
8747
3240
2518
7511
328
6064
4051
5022
6437
7312
669
5789
5463
6880
103
2416
3947
229
3112
7402
3486
3879
198
3436
8580
1898
6818
5163
3607
3699
5393
1040
3830
4195
226
201
7190
3723
1088
6836
8226
8419
2989
8108
40
4898
4362
7148
2893
1624
3526
2843
2007
2391
8770
7505
254
2182
8468
2952
412
2911
446
8088
1553
6563
8063
311
6209
1963
118
887
1841
6019
19
7780
730
307
1502
5703
5456
5049
332
625
32
8465
3807
7178
6454
6081
909
6147
39
3259
1069
4640
6531
2002
1034
5652
1355
8123
3857
8629
7226
831
3235
7067
6272
5678
2289
5808
2436
5514
4014
4340
460
1263
839
8609
4830
8014
4137
4441
445
4160
7859
7113
6529
26
163
4267
4018
5104
587
196
1743
1578
248
4813
211
322
3242
1183
8098
83
5322
1992
6415
7078
7517
60
6848
250
8312
8095
7794
3440
5867
5778
403
4481
302
2817
7059
3214
6476
7635
2514
298
1363
6925
426
2136
2196
458
8051
5561
2764
2384
374
1334
150
7800
1116
87
2910
8425
4297
4088
27
1081
1926
4397
1235
289
5750
1723
4853
481
4406
1737
7447
8238
3664
233
6000
4859
3168
7264
125
6367
1455
8797
3983
6078
6385
78
2836
6181
1447
4214
1594
2691
3982
1098
5688
7367
3374
1867
405
7278
696
1246
7302
89
4680
5192
1970
5390
8324
441
8838
4788
911
2159
2092
8630
8975
200
5339
8747
3240
2518
7511
328
6064
4051
5022
6437
7312
669
5789
5463
6880
103
2416
3947
229
3112
7402
3486
3879
198
3436
8580
1898
6818
5163
3607
3699
5393
1040
3830
4195
226
201
7190
3723
1088
6836
8226
8419
2989
8108
40
4898
4362
7148
2893
1624
3526
2843
2007
2391
8770
7505
254
2182
8468
2952
412
2911
446
8088
1553
6563
8063
311
6209
1963
118
887
1841
6019
19
7780
730
307
1502
5703
5456
5049
332
625
32
8465
3807
7178
6454
6081
909
6147
39
3259
1069
4640
6531
2002
1034
5652
1355
8123
3857
8629
7226
831
3235
7067
6272
5678
2289
5808
2436
5514
4014
4340
460
1263
839
8609
4830
8014
4137
4441
445
4160
7859
7113
6529
26
163
4267
4018
5104
587
196
1743
1578
248
4813
211
322
3242
1183
8098
83
5322
1992
6415
7078
7517
60
6848
250
8312
8095
7794
3440
5867
5778
403
4481
302
2817
7059
3214
6476
7635
2514
298
1363
6925
426
2136
2196
458
8051
5561
2764
2384
374
1334
150
7800
1116
87
2910
8425
4297
4088
27
1081
1926
4397
1235
289
5750
1723
4853
481
4406
1737
7447
8238
3664
233
6000
4859
3168
7264
125
6367
1455
8797
3983
6078
6385
78
2836
6181
1447
4214
1594
2691
3982
1098
5688
7367
3374
1867
405
7278
696
1246
7302
89
4680
5192
1970
5390
8324
441
8838
4788
911
2159
2092
8630
8975
200
5339
8747
3240
2518
7511
328
6064
4051
5022
6437
7312
669
5789
5463
6880
103
2416
3947
229
3112
7402
3486
3879
198
3436
8580
1898
6818
5163
3607
3699
5393
1040
3830
4195
226
201
7190
3723
1088
6836
8226
8419
2989
8108
40
4898
4362
7148
2893
1624
3526
2843
2007
2391
8770
7505
254
2182
8468
2952
412
2911
446
8088
1553
6563
8063
311
6209
1963
118
887
1841
6019
19
7780
730
307
1502
5703
5456
5049
332
625
32
8465
3807
7178
6454
6081
909
6147
39
3259
1069
4640
6531
2002
1034
5652
1355
8123
3857
8629
7226
831
3235
7067
6272
5678
2289
5808
2436
5514
4014
4340
460
1263
839
8609
4830
8014
4137
4441
445
4160
7859
7113
6529
26
163
4267
4018
5104
587
196
1743
1578
248
4813
211
322
3242
1183
8098
83
5322
1992
6415
7078
7517
60
6848
250
8312
8095
7794
3440
5867
5778
403
4481
302
2817
7059
3214
6476
7635
2514
298
1363
6925
426
2136
2196
458
8051
5561
2764
2384
374
1334
150
7800
1116
87
2910
8425
4297
4088
27
1081
1926
4397
1235
289
5750
1723
4853
481
4406
1737
7447
8238
3664
233
6000
4859
3168
7264
125
6367
1455
8797
3983
6078
6385
78
2836
6181
1447
4214
1594
2691
3982
1098
5688
7367
3374
1867
405
7278
696
1246
7302
89
4680
5192
1970
5390
8324
441
8838
4788
911
2159
2092
8630
8975
200
5339
8747
3240
2518
7511
328
6064
4051
5022
6437
7312
669
5789
5463
6880
103
2416
3947
229
3112
7402
3486
3879
198
3436
8580
1898
6818
5163
3607
3699
5393
1040
3830
4195
226
201
7190
3723
1088
6836
8226
8419
2989
8108
40
4898
4362
7148
2893
1624
3526
2843
2007
2391
8770
7505
254
2182
8468
2952
412
2911
446
8088
1553
6563
8063
311
6209
1963
118
887
1841
6019
19
7780
730
307
1502
5703
5456
5049
332
625
32
8465
3807
7178
6454
6081
909
6147
39
3259
1069
4640
6531
2002
1034
5652
1355
8123
3857
8629
7226
831
3235
7067
6272
5678
2289
5808
2436
5514
4014
4340
460
1263
839
8609
4830
8014
4137
4441
445
4160
7859
7113
6529
26
163
4267
4018
5104
587
196
1743
1578
248
4813
211
322
3242
1183
8098
83
5322
1992
6415
7078
7517
60
6848
250
8312
8095
7794
3440
5867
5778
403
4481
302
2817
7059
3214
6476
7635
2514
298
1363
6925
426
2136
2196
458
8051
5561
2764
2384
374
1334
150
7800
1116
87
2910
8425
4297
4088
27
1081
1926
4397
1235
289
5750
1723
4853
481
4406
1737
7447
8238
3664
233
6000
4859
3168
7264
125
6367
1455
8797
3983
6078
6385
78
2836
6181
1447
4214
1594
2691
3982
1098
5688
7367
3374
1867
405
7278
696
1246
7302
89
4680
5192
1970
5390
8324
441
8838
4788
911
2159
2092
8630
8975
200
5339
8747
3240
2518
7511
328
6064
4051
5022
6437
7312
669
5789
5463
6880
103
2416
3947
229
3112
7402
3486
3879
198
3436
8580
1898
6818
5163
3607
3699
5393
1040
3830
4195
226
201
7190
3723
1088
6836
8226
8419
2989
8108
40
4898
4362
7148
2893
1624
3526
2843
2007
2391
8770
7505
254
2182
8468
2952
412
2911
446
8088
1553
6563
8063
311
6209
1963
118
887
1841
6019
19
7780
730
307
1502
5703
5456
5049
332
625
32
8465
3807
7178
6454
6081
909
6147
39
3259
1069
4640
6531
2002
1034
5652
1355
8123
3857
8629
7226
831
3235
7067
6272
5678
2289
5808
2436
5514
4014
4340
460
1263
839
8609
4830
8014
4137
4441
445
4160
7859
7113
6529
26
163
4267
4018
5104
587
196
1743
1578
248
4813
211
322
3242
1183
8098
83
5322
1992
6415
7078
7517
60
6848
250
8312
8095
7794
3440
5867
5778
403
4481
302
2817
7059
3214
6476
7635
2514
298
1363
6925
426
2136
2196
458
8051
5561
2764
2384
374
1334
150
7800
1116
87
2910
8425
4297
4088
27
1081
1926
4397
1235
289
5750
1723
4853
481
4406
1737
7447
8238
3664
233
6000
4859
3168
7264
125
6367
1455
8797
3983
6078
6385
78
2836
6181
1447
4214
1594
2691
3982
1098
5688
7367
3374
1867
405
7278
696
1246
7302
89
4680
5192
1970
5390
8324
441
8838
4788
911
2159
2092
8630
8975
200
5339
8747
3240
2518
7511
328
6064
4051
5022
6437
7312
669
5789
5463
6880
103
2416
3947
229
3112
7402
3486
3879
198
3436
8580
1898
6818
5163
3607
3699
5393
1040
3830
4195
226
201
7190
3723
1088
6836
8226
8419
2989
8108
40
4898
4362
7148
2893
1624
3526
2843
2007
2391
8770
7505
254
2182
8468
2952
412
2911
446
8088
1553
6563
8063
311
6209
1963
118
887
1841
6019
19
7780
730
307
1502
5703
5456
5049
332
625
32
8465
3807
7178
6454
6081
909
6147
39
3259
1069
4640
6531
2002
1034
5652
1355
8123
3857
8629
7226
831
3235
7067
6272
5678
2289
5808
2436
5514
4014
4340
460
1263
839
8609
4830
8014
4137
4441
445
4160
7859
7113
6529
26
163
4267
4018
5104
587
196
1743
1578
248
4813
211
322
3242
1183
8098
83
5322
1992
6415
7078
7517
60
6848
250
8312
8095
7794
3440
5867
5778
403
4481
302
2817
7059
3214
6476
7635
2514
298
1363
6925
426
2136
2196
458
8051
5561
2764
2384
374
1334
150
7800
1116
87
2910
8425
4297
4088
